0	1.63	1.68	1.68	1.71	1.73	1.72	1.53	1.51	88.58	105.05	Stance	TSw
1	1.6	1.68	1.68	1.72	1.73	1.72	1.55	1.53	93.25	104.84	Stance	TSw
2	1.53	1.68	1.68	1.73	1.74	1.73	1.57	1.55	95.62	107.56	Stance	TSw
3	1.44	1.68	1.68	1.73	1.74	1.73	1.6	1.58	96.84	110.31	Stance	TSw
4	1.33	1.66	1.66	1.74	1.75	1.73	1.62	1.6	96.29	107.49	Stance	TSw
5	1.25	1.63	1.63	1.74	1.75	1.73	1.64	1.61	94.94	104.8	Stance	LR
6	1.22	1.58	1.58	1.74	1.75	1.73	1.65	1.62	94.1	107.38	Stance	LR
7	1.2	1.49	1.49	1.73	1.74	1.73	1.67	1.63	89.05	102.65	Stance	LR
8	1.17	1.33	1.33	1.73	1.74	1.72	1.67	1.64	86.34	95.14	Stance	LR
9	1.14	1.2	1.19	1.71	1.72	1.7	1.68	1.63	79.66	96.75	Stance	LR
10	1.11	1.13	1.12	1.69	1.7	1.68	1.67	1.62	70.95	95.99	Swing	MSt
11	1.11	1.07	1.07	1.67	1.68	1.65	1.65	1.58	68.82	107.36	Swing	MSt
12	1.11	1.03	1.04	1.62	1.65	1.62	1.61	1.54	71.06	117.8	Swing	MSt
13	1.09	1.0	1.01	1.52	1.57	1.53	1.55	1.41	87.52	130.89	Swing	MSt
14	1.26	1.09	1.13	1.4	1.47	1.45	1.36	1.22	101.63	137.11	Swing	MSt
15	1.26	1.12	1.16	1.38	1.46	1.45	1.3	1.15	95.23	124.46	Swing	MSt
16	1.22	1.1	1.15	1.37	1.46	1.44	1.22	1.08	83.65	134.64	Swing	MSt
17	1.23	1.11	1.16	1.36	1.45	1.44	1.19	1.05	80.75	138.96	Swing	TSt
18	1.23	1.11	1.15	1.36	1.45	1.43	1.17	1.04	75.96	141.89	Swing	TSt
19	1.23	1.1	1.15	1.36	1.44	1.43	1.16	1.03	72.61	139.64	Swing	TSt
20	1.23	1.1	1.14	1.35	1.44	1.42	1.15	1.02	76.86	133.56	Swing	TSt
21	1.23	1.1	1.14	1.34	1.43	1.41	1.14	1.01	81.98	116.95	Swing	TSt
22	1.23	1.09	1.14	1.34	1.42	1.41	1.14	1.01	84.08	107.52	Swing	TSt
23	1.22	1.09	1.14	1.34	1.42	1.4	1.13	1.0	79.38	108.23	Swing	TSt
24	1.22	1.09	1.14	1.34	1.42	1.4	1.13	1.0	69.03	107.45	Swing	TSt
25	1.21	1.09	1.14	1.34	1.43	1.41	1.13	1.0	60.37	105.37	Swing	TSt
26	1.21	1.09	1.14	1.34	1.43	1.41	1.13	1.0	55.48	105.35	Stance	PSw
27	1.21	1.09	1.14	1.35	1.44	1.42	1.13	0.99	48.3	114.15	Stance	PSw
28	1.2	1.1	1.15	1.36	1.45	1.44	1.12	0.99	40.45	114.49	Stance	PSw
29	1.2	1.11	1.17	1.37	1.47	1.46	1.1	0.97	37.92	112.29	Stance	PSw
30	1.2	1.12	1.18	1.39	1.49	1.47	1.1	0.97	40.96	96.74	Stance	PSw
31	1.47	1.23	1.3	1.33	1.43	1.42	1.01	0.91	52.49	55.15	Stance	PSw
32	1.62	1.29	1.35	1.33	1.42	1.42	0.98	0.9	73.1	49.85	Stance	ISw
33	1.68	1.38	1.42	1.37	1.46	1.46	0.98	0.92	60.28	106.22	Stance	ISw
34	1.68	1.44	1.48	1.39	1.5	1.5	1.04	0.97	57.51	128.52	Stance	ISw
35	1.67	1.52	1.55	1.51	1.58	1.57	1.17	1.1	106.52	143.61	Stance	ISw
36	1.67	1.57	1.58	1.6	1.62	1.61	1.29	1.26	133.06	117.57	Stance	ISw
37	1.67	1.6	1.61	1.63	1.65	1.63	1.34	1.31	89.46	87.59	Stance	MSw
38	1.66	1.61	1.61	1.65	1.66	1.64	1.36	1.34	81.21	115.92	Stance	MSw
39	1.66	1.62	1.62	1.66	1.67	1.65	1.38	1.36	93.61	124.42	Stance	MSw
40	1.65	1.62	1.62	1.67	1.67	1.66	1.4	1.38	98.05	105.49	Stance	MSw
41	1.64	1.62	1.62	1.67	1.68	1.66	1.42	1.4	94.13	104.28	Stance	TSw
42	1.63	1.62	1.62	1.68	1.68	1.67	1.44	1.42	90.97	111.72	Stance	TSw
43	1.62	1.62	1.62	1.68	1.69	1.67	1.46	1.43	87.8	101.44	Stance	TSw
44	1.61	1.63	1.62	1.69	1.69	1.67	1.48	1.45	84.16	98.77	Stance	TSw
45	1.6	1.63	1.63	1.69	1.7	1.68	1.5	1.48	82.92	106.84	Stance	TSw
46	1.59	1.66	1.65	1.72	1.73	1.71	1.55	1.52	85.94	109.81	Stance	TSw
47	1.53	1.66	1.66	1.73	1.73	1.72	1.58	1.55	90.09	106.07	Stance	TSw
48	1.45	1.66	1.65	1.73	1.74	1.72	1.6	1.57	93.34	104.05	Stance	TSw
49	1.34	1.64	1.64	1.74	1.74	1.73	1.63	1.59	89.31	101.1	Stance	TSw
50	1.26	1.62	1.61	1.74	1.75	1.73	1.64	1.61	87.67	100.45	Stance	LR
51	1.22	1.57	1.56	1.74	1.75	1.73	1.66	1.62	91.65	106.19	Stance	LR
52	1.19	1.47	1.46	1.74	1.74	1.72	1.67	1.63	93.03	102.58	Stance	LR
53	1.15	1.28	1.27	1.73	1.74	1.71	1.68	1.64	89.97	100.81	Stance	LR
54	1.1	1.14	1.13	1.71	1.72	1.7	1.68	1.64	79.32	91.44	Stance	LR
55	1.08	1.06	1.05	1.69	1.7	1.67	1.68	1.62	69.03	92.11	Swing	MSt
56	1.05	1.04	1.03	1.66	1.68	1.65	1.65	1.59	61.34	111.85	Swing	MSt
57	1.05	1.01	1.0	1.63	1.66	1.62	1.62	1.55	69.43	120.24	Swing	MSt
58	1.05	0.96	0.96	1.53	1.58	1.53	1.55	1.45	88.3	130.71	Swing	MSt
59	1.21	1.02	1.06	1.4	1.47	1.44	1.37	1.24	103.31	142.87	Swing	MSt
60	1.27	1.07	1.12	1.36	1.43	1.4	1.26	1.12	87.08	146.17	Swing	MSt
61	1.23	1.07	1.11	1.37	1.44	1.42	1.23	1.08	80.92	108.67	Swing	MSt
62	1.24	1.08	1.12	1.36	1.44	1.42	1.2	1.06	86.95	127.98	Swing	TSt
63	1.24	1.09	1.13	1.36	1.44	1.42	1.17	1.04	81.51	132.53	Swing	TSt
64	1.24	1.08	1.13	1.35	1.43	1.41	1.16	1.03	80.62	136.58	Swing	TSt
65	1.24	1.08	1.13	1.35	1.43	1.41	1.15	1.02	88.55	134.21	Swing	TSt
66	1.23	1.08	1.13	1.35	1.43	1.41	1.14	1.01	90.96	117.85	Swing	TSt
67	1.23	1.08	1.13	1.35	1.43	1.41	1.13	1.0	80.73	107.03	Swing	TSt
68	1.23	1.08	1.13	1.35	1.43	1.41	1.13	1.0	65.5	104.47	Swing	TSt
69	1.22	1.08	1.13	1.35	1.43	1.41	1.12	1.0	58.54	109.53	Swing	TSt
70	1.22	1.08	1.13	1.35	1.44	1.42	1.11	0.99	58.01	112.84	Swing	TSt
71	1.21	1.08	1.13	1.35	1.44	1.43	1.11	0.99	47.81	108.62	Swing	TSt
72	1.21	1.09	1.14	1.37	1.46	1.45	1.1	0.97	38.03	107.9	Stance	PSw
73	1.21	1.11	1.17	1.39	1.49	1.48	1.08	0.96	36.08	112.64	Stance	PSw
74	1.28	1.15	1.21	1.4	1.51	1.49	1.06	0.95	40.34	108.44	Stance	PSw
75	1.55	1.27	1.34	1.34	1.43	1.42	1.02	0.93	57.58	68.49	Stance	PSw
76	1.66	1.29	1.35	1.36	1.45	1.45	1.0	0.93	77.86	54.28	Stance	ISw
77	1.7	1.38	1.43	1.4	1.5	1.5	1.0	0.94	59.27	108.76	Stance	ISw
78	1.7	1.47	1.52	1.45	1.56	1.56	1.06	0.99	64.87	125.74	Stance	ISw
79	1.69	1.55	1.58	1.57	1.62	1.62	1.22	1.16	107.46	142.1	Stance	ISw
80	1.69	1.6	1.61	1.63	1.66	1.65	1.33	1.3	104.29	117.11	Stance	ISw
81	1.69	1.62	1.63	1.65	1.67	1.66	1.37	1.34	83.89	90.35	Stance	MSw
82	1.69	1.63	1.64	1.66	1.68	1.66	1.39	1.36	91.35	106.49	Stance	MSw
83	1.68	1.64	1.64	1.67	1.68	1.67	1.41	1.38	99.08	125.1	Stance	MSw
84	1.68	1.64	1.64	1.68	1.69	1.67	1.42	1.4	92.23	117.13	Stance	MSw
85	1.67	1.64	1.64	1.68	1.69	1.68	1.43	1.41	83.17	96.45	Stance	TSw
86	1.67	1.64	1.64	1.68	1.69	1.68	1.44	1.42	84.67	98.32	Stance	TSw
87	1.67	1.65	1.65	1.69	1.7	1.69	1.46	1.44	88.36	102.93	Stance	TSw
88	1.66	1.65	1.65	1.69	1.71	1.69	1.47	1.45	85.13	96.42	Stance	TSw
89	1.66	1.66	1.66	1.7	1.71	1.7	1.48	1.46	79.43	95.4	Stance	TSw
90	1.64	1.66	1.66	1.71	1.72	1.71	1.51	1.49	80.15	106.59	Stance	TSw
91	1.61	1.67	1.67	1.72	1.73	1.71	1.54	1.52	84.94	107.47	Stance	TSw
92	1.54	1.67	1.67	1.73	1.73	1.72	1.57	1.55	89.8	103.71	Stance	TSw
93	1.44	1.66	1.66	1.74	1.74	1.73	1.6	1.57	91.15	105.52	Stance	LR
94	1.31	1.64	1.63	1.74	1.75	1.73	1.63	1.6	86.2	103.66	Stance	LR
95	1.24	1.59	1.58	1.74	1.75	1.73	1.64	1.61	91.19	99.68	Stance	LR
96	1.21	1.48	1.46	1.74	1.75	1.72	1.66	1.62	91.4	93.97	Stance	LR
97	1.16	1.26	1.24	1.73	1.74	1.71	1.67	1.63	83.65	94.52	Stance	LR
98	1.11	1.11	1.09	1.71	1.72	1.69	1.67	1.62	72.32	92.59	Swing	MSt
99	1.07	1.05	1.03	1.68	1.69	1.66	1.65	1.59	61.92	108.35	Swing	MSt
100	1.06	1.02	1.01	1.65	1.66	1.62	1.61	1.54	66.15	122.16	Swing	MSt
101	1.06	0.96	0.96	1.57	1.6	1.55	1.56	1.45	87.66	130.15	Swing	MSt
102	1.1	0.95	0.97	1.44	1.51	1.47	1.37	1.23	106.65	143.1	Swing	MSt
103	1.25	1.08	1.12	1.38	1.46	1.44	1.24	1.12	90.17	142.31	Swing	MSt
104	1.24	1.08	1.12	1.39	1.46	1.44	1.23	1.08	73.7	112.03	Swing	MSt
105	1.24	1.08	1.12	1.38	1.46	1.44	1.19	1.06	83.62	118.01	Swing	TSt
106	1.25	1.08	1.12	1.37	1.45	1.43	1.17	1.04	81.26	125.57	Swing	TSt
107	1.23	1.07	1.12	1.37	1.45	1.42	1.16	1.02	76.27	131.41	Swing	TSt
108	1.23	1.07	1.11	1.36	1.44	1.41	1.15	1.01	80.97	132.22	Swing	TSt
109	1.23	1.06	1.11	1.35	1.44	1.41	1.14	1.0	87.19	119.51	Swing	TSt
110	1.22	1.06	1.11	1.35	1.44	1.41	1.13	1.0	88.14	109.25	Swing	TSt
111	1.22	1.06	1.11	1.35	1.43	1.41	1.12	0.99	78.07	107.12	Swing	TSt
112	1.22	1.06	1.11	1.35	1.43	1.41	1.11	0.99	62.67	107.6	Swing	TSt
113	1.21	1.06	1.11	1.35	1.43	1.41	1.11	0.98	53.65	108.24	Swing	TSt
114	1.21	1.06	1.11	1.36	1.44	1.42	1.11	0.98	50.17	108.11	Swing	TSt
115	1.2	1.07	1.12	1.37	1.46	1.43	1.11	0.98	42.06	109.82	Swing	TSt
116	1.2	1.08	1.13	1.38	1.48	1.46	1.1	0.97	34.21	103.12	Swing	TSt
117	1.19	1.1	1.16	1.42	1.51	1.49	1.08	0.96	34.88	109.65	Stance	PSw
118	1.19	1.1	1.15	1.43	1.52	1.49	1.06	0.95	41.44	113.36	Stance	PSw
119	1.4	1.18	1.23	1.38	1.48	1.45	1.02	0.93	57.29	64.11	Stance	PSw
120	1.6	1.27	1.33	1.33	1.42	1.41	1.0	0.91	77.94	51.37	Stance	PSw
121	1.68	1.35	1.39	1.38	1.47	1.47	1.0	0.93	63.28	80.71	Stance	ISw
122	1.7	1.49	1.54	1.43	1.54	1.54	1.0	0.94	58.74	128.23	Stance	ISw
123	1.7	1.56	1.59	1.57	1.63	1.63	1.19	1.15	92.52	147.55	Stance	ISw
124	1.69	1.6	1.62	1.63	1.67	1.66	1.3	1.27	129.64	129.92	Stance	ISw
125	1.69	1.62	1.64	1.65	1.68	1.67	1.33	1.3	100.04	83.88	Stance	ISw
126	1.69	1.64	1.65	1.66	1.69	1.67	1.34	1.32	89.16	95.52	Stance	MSw
127	1.69	1.64	1.65	1.67	1.69	1.68	1.35	1.33	95.05	122.83	Stance	MSw
128	1.68	1.64	1.66	1.67	1.7	1.69	1.36	1.35	98.03	113.3	Stance	MSw
129	1.66	1.65	1.66	1.68	1.71	1.7	1.38	1.37	90.91	89.75	Stance	MSw
130	1.65	1.65	1.67	1.69	1.72	1.7	1.41	1.4	86.66	99.21	Stance	TSw
131	1.64	1.66	1.67	1.69	1.72	1.71	1.43	1.42	82.46	105.43	Stance	TSw
132	1.62	1.66	1.68	1.7	1.73	1.72	1.45	1.44	79.62	98.99	Stance	TSw
133	1.61	1.67	1.68	1.71	1.73	1.72	1.48	1.47	79.18	97.43	Stance	TSw
134	1.58	1.67	1.68	1.72	1.74	1.73	1.5	1.49	83.82	100.52	Stance	TSw
135	1.55	1.67	1.69	1.72	1.74	1.73	1.53	1.51	85.85	110.03	Stance	TSw
136	1.52	1.68	1.68	1.73	1.74	1.73	1.55	1.54	88.17	112.15	Stance	TSw
137	1.46	1.68	1.68	1.73	1.75	1.74	1.58	1.56	91.98	107.65	Stance	TSw
138	1.37	1.67	1.68	1.74	1.75	1.74	1.6	1.58	96.33	108.88	Stance	TSw
139	1.27	1.65	1.65	1.74	1.75	1.74	1.62	1.6	99.07	107.89	Stance	TSw
140	1.22	1.62	1.62	1.74	1.75	1.74	1.64	1.61	96.36	106.39	Stance	LR
141	1.19	1.55	1.55	1.74	1.75	1.74	1.66	1.63	92.51	105.8	Stance	LR
142	1.17	1.43	1.43	1.74	1.75	1.73	1.67	1.64	87.79	101.13	Stance	LR
143	1.13	1.23	1.22	1.73	1.74	1.72	1.68	1.64	81.55	96.67	Stance	LR
144	1.09	1.11	1.1	1.71	1.72	1.7	1.68	1.64	74.23	90.58	Swing	MSt
145	1.05	1.04	1.04	1.69	1.7	1.68	1.67	1.62	72.62	100.5	Swing	MSt
146	1.04	1.03	1.02	1.66	1.68	1.65	1.64	1.58	71.15	120.09	Swing	MSt
147	1.05	1.0	0.99	1.62	1.65	1.62	1.61	1.54	78.46	126.76	Swing	MSt
148	1.05	0.95	0.96	1.52	1.57	1.54	1.53	1.42	94.52	137.53	Swing	MSt
149	1.18	1.01	1.06	1.4	1.48	1.45	1.34	1.21	101.2	148.21	Swing	MSt
150	1.25	1.06	1.12	1.37	1.44	1.42	1.26	1.12	87.32	141.48	Swing	MSt
151	1.22	1.06	1.11	1.37	1.45	1.43	1.23	1.08	78.82	129.41	Swing	TSt
152	1.23	1.06	1.11	1.37	1.46	1.44	1.19	1.06	84.61	126.84	Swing	TSt
153	1.23	1.07	1.12	1.36	1.45	1.44	1.17	1.04	77.55	124.59	Swing	TSt
154	1.23	1.07	1.12	1.36	1.45	1.43	1.16	1.02	74.57	129.65	Swing	TSt
155	1.21	1.05	1.1	1.33	1.43	1.41	1.12	1.0	83.37	133.15	Swing	TSt
156	1.21	1.05	1.1	1.33	1.42	1.4	1.11	0.99	92.01	132.52	Swing	TSt
157	1.2	1.04	1.1	1.33	1.42	1.4	1.11	0.98	88.63	124.55	Swing	TSt
158	1.2	1.04	1.1	1.33	1.42	1.4	1.1	0.97	78.02	114.34	Swing	TSt
159	1.19	1.04	1.1	1.32	1.42	1.4	1.09	0.97	68.87	108.79	Swing	TSt
160	1.19	1.04	1.1	1.32	1.41	1.39	1.08	0.96	63.33	113.12	Swing	TSt
161	1.18	1.04	1.1	1.33	1.42	1.4	1.08	0.96	52.8	111.59	Swing	TSt
162	1.17	1.04	1.1	1.34	1.44	1.42	1.07	0.95	39.93	110.56	Swing	TSt
163	1.16	1.06	1.12	1.36	1.46	1.44	1.05	0.93	34.6	102.01	Swing	TSt
164	1.15	1.09	1.16	1.39	1.49	1.47	1.03	0.91	37.75	98.47	Stance	PSw
165	1.36	1.18	1.25	1.38	1.49	1.48	1.02	0.93	47.26	69.48	Stance	PSw
166	1.56	1.28	1.36	1.33	1.42	1.42	1.0	0.92	59.98	56.87	Stance	PSw
167	1.66	1.33	1.38	1.37	1.46	1.46	1.0	0.93	67.46	74.55	Stance	ISw
168	1.69	1.42	1.47	1.4	1.5	1.5	1.01	0.94	56.17	125.57	Stance	ISw
169	1.68	1.53	1.57	1.54	1.62	1.61	1.18	1.14	84.27	137.09	Stance	ISw
170	1.68	1.58	1.6	1.62	1.66	1.65	1.31	1.28	128.05	134.68	Stance	ISw
171	1.68	1.61	1.63	1.65	1.68	1.67	1.37	1.35	108.47	94.12	Stance	ISw
172	1.68	1.63	1.64	1.67	1.69	1.68	1.4	1.38	79.08	90.05	Stance	MSw
173	1.68	1.64	1.65	1.68	1.7	1.69	1.41	1.4	82.8	117.93	Stance	MSw
174	1.67	1.65	1.66	1.69	1.71	1.69	1.43	1.41	91.54	117.77	Stance	MSw
175	1.66	1.65	1.66	1.69	1.71	1.7	1.44	1.43	92.54	97.08	Stance	MSw
176	1.65	1.65	1.66	1.7	1.71	1.7	1.46	1.44	91.88	94.48	Stance	TSw
177	1.65	1.66	1.66	1.7	1.72	1.7	1.47	1.46	88.97	104.26	Stance	TSw
178	1.65	1.66	1.67	1.7	1.72	1.71	1.48	1.47	84.6	99.55	Stance	TSw
179	1.65	1.66	1.67	1.7	1.72	1.71	1.49	1.48	82.16	98.91	Stance	TSw
180	1.64	1.67	1.67	1.71	1.72	1.71	1.51	1.5	85.97	107.04	Stance	TSw
181	1.62	1.67	1.67	1.71	1.73	1.71	1.53	1.51	90.38	108.49	Stance	TSw
182	1.59	1.67	1.68	1.72	1.73	1.72	1.55	1.53	93.78	106.04	Stance	TSw
183	1.53	1.68	1.68	1.73	1.74	1.72	1.57	1.55	95.52	106.46	Stance	TSw
184	1.46	1.67	1.67	1.73	1.74	1.73	1.6	1.57	92.62	108.37	Stance	TSw
185	1.36	1.66	1.66	1.74	1.75	1.73	1.62	1.59	90.77	106.54	Stance	TSw
186	1.27	1.64	1.63	1.74	1.75	1.73	1.64	1.61	92.6	101.58	Stance	LR
187	1.23	1.6	1.6	1.74	1.75	1.73	1.65	1.62	95.49	104.61	Stance	LR
188	1.21	1.54	1.54	1.74	1.75	1.73	1.67	1.63	92.3	102.15	Stance	LR
189	1.18	1.42	1.41	1.73	1.74	1.72	1.68	1.64	88.41	98.17	Stance	LR
190	1.13	1.23	1.22	1.72	1.73	1.71	1.68	1.64	79.25	99.68	Stance	LR
191	1.09	1.1	1.09	1.7	1.71	1.69	1.68	1.63	73.16	87.78	Swing	MSt
192	1.07	1.04	1.03	1.67	1.68	1.66	1.66	1.6	70.27	101.07	Swing	MSt
193	1.05	1.02	1.02	1.64	1.66	1.62	1.62	1.56	70.69	119.28	Swing	MSt
194	1.05	0.98	0.98	1.57	1.61	1.57	1.58	1.49	84.05	129.63	Swing	MSt
195	1.08	0.95	0.96	1.45	1.52	1.49	1.45	1.31	99.36	141.54	Swing	MSt
196	1.29	1.07	1.11	1.36	1.43	1.41	1.27	1.16	97.7	145.63	Swing	MSt
197	1.25	1.07	1.12	1.36	1.44	1.42	1.24	1.1	84.81	136.31	Swing	MSt
198	1.23	1.07	1.12	1.37	1.45	1.43	1.2	1.06	79.86	135.58	Swing	TSt
199	1.24	1.08	1.13	1.36	1.45	1.43	1.17	1.04	81.87	136.64	Swing	TSt
200	1.24	1.08	1.13	1.36	1.45	1.43	1.16	1.03	77.62	132.5	Swing	TSt
201	1.24	1.07	1.12	1.36	1.44	1.42	1.15	1.01	79.07	132.15	Swing	TSt
202	1.23	1.07	1.12	1.35	1.44	1.42	1.13	1.0	85.37	127.35	Swing	TSt
203	1.23	1.07	1.12	1.34	1.43	1.41	1.12	1.0	89.74	119.88	Swing	TSt
204	1.22	1.06	1.12	1.34	1.43	1.41	1.11	0.99	85.76	115.77	Swing	TSt
205	1.21	1.06	1.12	1.33	1.42	1.4	1.1	0.98	74.06	109.91	Swing	TSt
206	1.21	1.07	1.12	1.33	1.43	1.4	1.1	0.97	60.89	103.7	Swing	TSt
207	1.21	1.06	1.12	1.34	1.43	1.41	1.09	0.97	53.29	108.41	Swing	TSt
208	1.2	1.06	1.12	1.34	1.44	1.42	1.09	0.96	44.84	111.74	Swing	TSt
209	1.19	1.07	1.13	1.36	1.47	1.45	1.08	0.95	37.31	108.64	Swing	TSt
210	1.19	1.08	1.15	1.39	1.49	1.47	1.06	0.94	34.83	105.26	Stance	PSw
211	1.29	1.14	1.21	1.39	1.5	1.49	1.04	0.93	40.55	90.85	Stance	PSw
212	1.52	1.25	1.33	1.33	1.43	1.42	1.01	0.92	52.02	58.04	Stance	PSw
213	1.64	1.28	1.34	1.34	1.42	1.42	0.99	0.92	67.94	62.94	Stance	PSw
214	1.68	1.36	1.41	1.38	1.47	1.47	1.0	0.93	58.78	126.69	Stance	ISw
215	1.68	1.48	1.53	1.46	1.56	1.56	1.05	0.97	65.92	125.94	Stance	ISw
216	1.67	1.55	1.58	1.59	1.63	1.62	1.26	1.22	109.17	142.07	Stance	ISw
217	1.67	1.6	1.61	1.64	1.67	1.65	1.36	1.33	122.31	113.19	Stance	ISw
218	1.67	1.63	1.64	1.67	1.68	1.67	1.42	1.39	86.66	92.63	Stance	ISw
219	1.67	1.65	1.65	1.68	1.7	1.68	1.45	1.42	80.96	115.91	Stance	MSw
220	1.67	1.66	1.66	1.69	1.7	1.69	1.47	1.44	92.58	120.27	Stance	MSw
221	1.66	1.66	1.66	1.7	1.71	1.7	1.49	1.46	95.29	106.7	Stance	MSw
222	1.65	1.66	1.66	1.7	1.71	1.7	1.5	1.47	93.06	102.23	Stance	MSw
223	1.63	1.66	1.66	1.7	1.72	1.7	1.51	1.48	90.41	110.74	Stance	TSw
224	1.62	1.66	1.67	1.71	1.72	1.7	1.51	1.49	85.04	106.71	Stance	TSw
225	1.61	1.67	1.67	1.71	1.72	1.71	1.53	1.5	84.31	96.11	Stance	TSw
226	1.6	1.67	1.67	1.72	1.73	1.71	1.54	1.51	87.61	102.12	Stance	TSw
227	1.58	1.67	1.67	1.72	1.73	1.72	1.55	1.53	89.74	110.17	Stance	TSw
228	1.54	1.67	1.67	1.72	1.73	1.72	1.57	1.54	88.5	106.48	Stance	TSw
229	1.5	1.67	1.67	1.73	1.74	1.72	1.58	1.56	88.66	102.96	Stance	TSw
230	1.44	1.67	1.67	1.73	1.74	1.73	1.6	1.58	91.02	107.91	Stance	LR
231	1.35	1.66	1.66	1.74	1.75	1.73	1.62	1.59	91.96	106.86	Stance	LR
232	1.26	1.63	1.63	1.74	1.75	1.73	1.63	1.6	91.59	101.01	Stance	LR
233	1.22	1.59	1.59	1.74	1.75	1.73	1.64	1.61	91.78	104.35	Stance	LR
234	1.19	1.52	1.51	1.74	1.75	1.73	1.66	1.63	88.65	104.08	Stance	LR
235	1.16	1.36	1.36	1.73	1.74	1.72	1.67	1.63	88.52	98.11	Stance	LR
236	1.1	1.18	1.17	1.73	1.73	1.71	1.68	1.64	80.59	88.42	Stance	LR
237	1.07	1.07	1.06	1.7	1.71	1.68	1.68	1.63	72.02	93.74	Swing	MSt
238	1.02	1.04	1.04	1.68	1.69	1.66	1.66	1.6	61.84	111.4	Swing	MSt
239	1.03	1.03	1.02	1.65	1.67	1.63	1.62	1.56	68.9	122.31	Swing	MSt
240	1.03	0.97	0.96	1.58	1.61	1.57	1.57	1.5	87.91	131.2	Swing	MSt
241	1.05	0.93	0.94	1.44	1.51	1.47	1.43	1.29	106.22	149.8	Swing	MSt
242	1.27	1.05	1.1	1.36	1.43	1.41	1.25	1.13	96.42	151.21	Swing	MSt
243	1.23	1.05	1.1	1.37	1.45	1.43	1.22	1.07	81.1	113.95	Swing	MSt
244	1.2	1.05	1.1	1.37	1.46	1.43	1.19	1.05	79.41	91.93	Swing	TSt
245	1.22	1.06	1.11	1.37	1.45	1.43	1.16	1.03	77.37	116.61	Swing	TSt
246	1.22	1.06	1.11	1.36	1.45	1.43	1.15	1.01	75.56	130.05	Swing	TSt
247	1.22	1.06	1.11	1.35	1.44	1.42	1.14	1.01	79.49	127.81	Swing	TSt
248	1.22	1.06	1.11	1.35	1.44	1.42	1.13	1.0	87.91	121.13	Swing	TSt
249	1.21	1.05	1.11	1.35	1.44	1.42	1.12	0.99	90.58	115.41	Swing	TSt
250	1.2	1.05	1.11	1.34	1.43	1.41	1.11	0.98	86.15	110.91	Swing	TSt
251	1.2	1.05	1.11	1.33	1.43	1.4	1.1	0.97	78.46	110.98	Swing	TSt
252	1.19	1.05	1.1	1.33	1.42	1.39	1.09	0.96	66.57	119.36	Swing	TSt
253	1.18	1.04	1.1	1.33	1.42	1.39	1.09	0.96	47.3	116.18	Swing	TSt
254	1.17	1.04	1.1	1.35	1.45	1.43	1.08	0.94	35.16	102.69	Swing	TSt
49232	1.68	1.66	1.68	1.70	1.72	1.72	1.50	1.50
49262	1.68	1.66	1.68	1.70	1.73	1.72	1.50	1.50
49292	1.68	1.66	1.68	1.70	1.73	1.72	1.50	1.50
49322	1.68	1.66	1.68	1.70	1.73	1.72	1.51	1.50
49352	1.67	1.66	1.68	1.70	1.73	1.72	1.51	1.50
49382	1.67	1.66	1.68	1.70	1.72	1.72	1.51	1.50
49412	1.67	1.67	1.68	1.70	1.73	1.72	1.51	1.50
49442	1.67	1.67	1.68	1.70	1.73	1.72	1.51	1.50
49472	1.67	1.67	1.68	1.70	1.73	1.72	1.51	1.50
49502	1.67	1.67	1.68	1.70	1.73	1.72	1.51	1.50
49532	1.67	1.67	1.68	1.70	1.73	1.72	1.51	1.50
49562	1.67	1.66	1.68	1.70	1.73	1.72	1.51	1.50
49592	1.67	1.67	1.68	1.70	1.73	1.72	1.51	1.50
49622	1.67	1.67	1.68	1.70	1.73	1.72	1.51	1.50
49652	1.67	1.67	1.68	1.70	1.73	1.72	1.51	1.50
49682	1.67	1.67	1.68	1.70	1.73	1.72	1.51	1.50
49712	1.67	1.66	1.68	1.70	1.73	1.72	1.51	1.50
49742	1.67	1.67	1.68	1.70	1.73	1.72	1.51	1.50
49772	1.67	1.67	1.68	1.70	1.73	1.72	1.51	1.50
49802	1.67	1.67	1.68	1.70	1.73	1.72	1.51	1.50
49832	1.67	1.66	1.68	1.70	1.73	1.72	1.51	1.50
49862	1.67	1.67	1.68	1.70	1.73	1.72	1.51	1.50
49892	1.68	1.66	1.68	1.70	1.73	1.72	1.51	1.50
49922	1.68	1.66	1.68	1.70	1.72	1.72	1.51	1.50
49952	1.68	1.66	1.68	1.70	1.72	1.72	1.51	1.50
49982	1.68	1.66	1.68	1.70	1.72	1.72	1.51	1.50
50012	1.68	1.66	1.68	1.70	1.73	1.72	1.51	1.50
50042	1.68	1.67	1.68	1.70	1.73	1.72	1.51	1.50
50072	1.68	1.67	1.68	1.70	1.73	1.72	1.51	1.50
50102	1.68	1.66	1.68	1.70	1.73	1.72	1.51	1.50
50132	1.68	1.67	1.68	1.70	1.73	1.72	1.51	1.50
50162	1.68	1.66	1.68	1.70	1.73	1.72	1.51	1.50
50192	1.68	1.66	1.68	1.70	1.73	1.72	1.51	1.50
50222	1.68	1.66	1.68	1.70	1.72	1.72	1.51	1.50
50252	1.68	1.67	1.68	1.70	1.73	1.72	1.51	1.50
50282	1.68	1.67	1.68	1.70	1.73	1.72	1.51	1.50
50312	1.68	1.66	1.68	1.70	1.73	1.72	1.51	1.50
50342	1.68	1.66	1.68	1.70	1.73	1.72	1.51	1.50
50372	1.68	1.66	1.68	1.70	1.73	1.72	1.50	1.50
50402	1.67	1.66	1.68	1.70	1.72	1.72	1.50	1.50
50432	1.68	1.66	1.68	1.70	1.72	1.72	1.50	1.49
50462	1.68	1.66	1.68	1.70	1.72	1.72	1.50	1.49
50492	1.68	1.65	1.67	1.69	1.72	1.72	1.49	1.48
50522	1.68	1.65	1.67	1.69	1.72	1.71	1.47	1.46
50552	1.68	1.64	1.67	1.68	1.71	1.71	1.45	1.44
50582	1.68	1.64	1.66	1.68	1.71	1.70	1.43	1.43
50612	1.68	1.64	1.66	1.67	1.71	1.70	1.42	1.41
50642	1.68	1.64	1.66	1.67	1.71	1.70	1.42	1.42
50672	1.68	1.65	1.67	1.68	1.71	1.70	1.44	1.43
50702	1.68	1.65	1.67	1.69	1.71	1.71	1.46	1.45
50732	1.68	1.66	1.68	1.70	1.72	1.72	1.48	1.47
50762	1.68	1.66	1.68	1.70	1.73	1.72	1.50	1.49
50792	1.68	1.67	1.69	1.71	1.73	1.72	1.52	1.51
50822	1.68	1.68	1.69	1.72	1.73	1.73	1.53	1.52
50852	1.69	1.68	1.69	1.72	1.74	1.73	1.54	1.53
50882	1.69	1.68	1.69	1.72	1.74	1.73	1.55	1.54
50912	1.69	1.68	1.69	1.72	1.74	1.73	1.55	1.54
50942	1.69	1.68	1.69	1.72	1.74	1.73	1.55	1.54
50972	1.69	1.68	1.69	1.72	1.74	1.73	1.55	1.54
51002	1.69	1.68	1.69	1.72	1.74	1.73	1.55	1.54
51032	1.70	1.68	1.69	1.72	1.74	1.73	1.55	1.53
51062	1.70	1.68	1.69	1.72	1.74	1.73	1.54	1.53
51092	1.70	1.68	1.69	1.72	1.73	1.73	1.53	1.52
51122	1.70	1.67	1.69	1.71	1.73	1.73	1.52	1.51
51152	1.70	1.67	1.68	1.71	1.73	1.72	1.51	1.50
51182	1.70	1.66	1.68	1.70	1.72	1.72	1.48	1.47
51212	1.69	1.64	1.66	1.69	1.71	1.71	1.41	1.40
51242	1.67	1.61	1.64	1.66	1.70	1.69	1.27	1.24
51272	1.60	1.55	1.59	1.61	1.66	1.65	1.14	1.10
51302	1.50	1.46	1.51	1.56	1.61	1.59	1.07	1.03
51332	1.50	1.42	1.47	1.50	1.57	1.54	1.04	0.99
51362	1.51	1.42	1.48	1.49	1.55	1.53	1.02	0.98
51392	1.58	1.47	1.52	1.49	1.56	1.54	0.99	0.95
51422	1.63	1.52	1.56	1.53	1.58	1.56	0.97	0.93
51452	1.67	1.56	1.59	1.60	1.63	1.61	1.01	0.97
51482	1.68	1.58	1.61	1.62	1.65	1.63	1.12	1.08
51512	1.70	1.60	1.62	1.62	1.65	1.64	1.17	1.13
51542	1.70	1.61	1.63	1.61	1.65	1.64	1.18	1.15
51572	1.71	1.61	1.64	1.60	1.65	1.64	1.18	1.14
51602	1.72	1.62	1.65	1.59	1.64	1.63	1.17	1.13
51632	1.72	1.62	1.65	1.58	1.64	1.63	1.16	1.12
51662	1.72	1.62	1.65	1.57	1.63	1.62	1.15	1.11
51692	1.73	1.62	1.65	1.56	1.63	1.62	1.14	1.10
51722	1.73	1.61	1.65	1.55	1.62	1.61	1.13	1.09
51752	1.73	1.61	1.65	1.53	1.61	1.60	1.11	1.06
51782	1.73	1.61	1.65	1.51	1.59	1.59	1.09	1.05
51812	1.73	1.61	1.65	1.51	1.59	1.59	1.09	1.04
51842	1.73	1.61	1.65	1.50	1.59	1.59	1.09	1.04
51872	1.73	1.61	1.65	1.49	1.58	1.58	1.09	1.04
51902	1.73	1.61	1.65	1.49	1.58	1.58	1.08	1.03
51932	1.73	1.61	1.65	1.50	1.59	1.59	1.08	1.04
51962	1.73	1.61	1.65	1.52	1.60	1.60	1.09	1.05
51992	1.73	1.61	1.65	1.57	1.63	1.62	1.12	1.08
52022	1.72	1.62	1.65	1.61	1.65	1.65	1.20	1.17
52052	1.71	1.62	1.65	1.64	1.67	1.66	1.29	1.26
52082	1.71	1.63	1.65	1.65	1.68	1.67	1.34	1.32
52112	1.70	1.63	1.65	1.66	1.69	1.68	1.39	1.37
52142	1.69	1.63	1.65	1.67	1.69	1.69	1.42	1.41
52172	1.66	1.63	1.65	1.68	1.70	1.69	1.45	1.43
52202	1.63	1.62	1.64	1.68	1.70	1.69	1.46	1.44
52232	1.59	1.61	1.64	1.68	1.70	1.70	1.47	1.45
52262	1.53	1.60	1.62	1.69	1.71	1.70	1.49	1.47
52292	1.47	1.57	1.60	1.69	1.71	1.70	1.50	1.48
52322	1.44	1.53	1.56	1.68	1.71	1.70	1.50	1.48
52352	1.43	1.49	1.52	1.67	1.70	1.68	1.48	1.45
52382	1.43	1.45	1.48	1.64	1.68	1.66	1.42	1.39
52412	1.44	1.41	1.45	1.61	1.64	1.62	1.32	1.27
52442	1.45	1.39	1.44	1.56	1.61	1.58	1.16	1.11
52472	1.45	1.38	1.43	1.50	1.56	1.53	1.06	1.01
52502	1.46	1.37	1.43	1.50	1.55	1.52	1.03	0.98
52532	1.46	1.38	1.43	1.50	1.55	1.53	1.00	0.95
52562	1.46	1.38	1.43	1.50	1.55	1.52	0.99	0.94
52592	1.46	1.38	1.43	1.50	1.55	1.52	0.98	0.93
52622	1.45	1.39	1.44	1.50	1.55	1.52	0.97	0.92
52652	1.45	1.39	1.45	1.50	1.55	1.52	0.96	0.91
52682	1.45	1.40	1.45	1.50	1.55	1.53	0.96	0.91
52712	1.44	1.40	1.46	1.53	1.58	1.55	0.91	0.86
52742	1.43	1.44	1.49	1.59	1.64	1.61	1.00	0.96
52772	1.49	1.52	1.55	1.62	1.65	1.64	1.12	1.08
52802	1.61	1.57	1.60	1.64	1.67	1.65	1.24	1.21
52832	1.65	1.60	1.62	1.66	1.68	1.67	1.36	1.33
52862	1.68	1.63	1.64	1.68	1.70	1.68	1.42	1.39
52892	1.70	1.65	1.66	1.69	1.71	1.70	1.46	1.44
52922	1.70	1.66	1.67	1.70	1.71	1.70	1.48	1.46
52952	1.71	1.67	1.68	1.71	1.72	1.71	1.50	1.48
52983	1.71	1.67	1.68	1.71	1.72	1.71	1.51	1.49
53012	1.71	1.67	1.68	1.71	1.72	1.71	1.51	1.49
53042	1.71	1.67	1.68	1.71	1.72	1.71	1.51	1.49
53072	1.71	1.67	1.68	1.71	1.72	1.71	1.51	1.49
53102	1.70	1.67	1.68	1.70	1.72	1.71	1.51	1.49
53132	1.69	1.67	1.68	1.70	1.72	1.72	1.50	1.49
53162	1.69	1.67	1.68	1.70	1.72	1.72	1.51	1.49
53192	1.69	1.67	1.68	1.70	1.72	1.72	1.51	1.49
53222	1.69	1.67	1.68	1.70	1.72	1.72	1.50	1.49
53252	1.69	1.67	1.68	1.70	1.72	1.72	1.50	1.48
53282	1.69	1.67	1.68	1.70	1.72	1.72	1.50	1.48
53312	1.68	1.67	1.68	1.70	1.72	1.72	1.50	1.49
53342	1.66	1.66	1.68	1.70	1.72	1.72	1.51	1.50
53372	1.63	1.66	1.68	1.70	1.73	1.72	1.52	1.51
53402	1.57	1.65	1.67	1.70	1.73	1.72	1.53	1.52
53432	1.51	1.64	1.66	1.71	1.73	1.72	1.54	1.53
53462	1.45	1.60	1.63	1.71	1.73	1.72	1.55	1.53
53492	1.42	1.56	1.59	1.70	1.72	1.72	1.54	1.53
53522	1.40	1.51	1.55	1.68	1.71	1.70	1.53	1.51
53552	1.40	1.47	1.51	1.66	1.69	1.68	1.50	1.48
53582	1.40	1.43	1.47	1.63	1.67	1.65	1.45	1.42
53612	1.41	1.40	1.44	1.61	1.65	1.63	1.38	1.36
53642	1.41	1.37	1.42	1.58	1.62	1.61	1.30	1.28
53672	1.42	1.36	1.40	1.55	1.60	1.58	1.21	1.19
53702	1.42	1.34	1.39	1.53	1.58	1.56	1.15	1.12
53732	1.43	1.34	1.38	1.51	1.56	1.54	1.11	1.08
53762	1.44	1.33	1.38	1.51	1.56	1.53	1.06	1.03
53792	1.44	1.33	1.38	1.51	1.55	1.53	1.04	0.99
53822	1.44	1.34	1.39	1.51	1.55	1.52	1.02	0.97
53852	1.44	1.34	1.39	1.51	1.56	1.53	1.02	0.97
53882	1.44	1.35	1.40	1.51	1.56	1.53	1.01	0.96
53912	1.44	1.35	1.40	1.51	1.56	1.53	1.00	0.95
53942	1.43	1.35	1.40	1.51	1.56	1.53	0.99	0.94
53972	1.43	1.36	1.41	1.51	1.55	1.53	0.98	0.93
54002	1.42	1.37	1.42	1.52	1.56	1.53	0.97	0.92
54032	1.42	1.41	1.47	1.57	1.63	1.61	1.03	1.00
54062	1.41	1.47	1.52	1.62	1.67	1.65	1.31	1.30
54092	1.50	1.59	1.62	1.67	1.70	1.69	1.45	1.44
54122	1.60	1.63	1.64	1.70	1.71	1.70	1.51	1.49
54152	1.63	1.64	1.65	1.70	1.72	1.71	1.53	1.51
54182	1.67	1.66	1.66	1.71	1.72	1.71	1.53	1.51
54212	1.69	1.66	1.67	1.71	1.72	1.71	1.54	1.52
54242	1.69	1.67	1.68	1.72	1.73	1.72	1.55	1.53
54272	1.69	1.68	1.68	1.72	1.73	1.72	1.55	1.54
54302	1.70	1.68	1.69	1.72	1.73	1.72	1.56	1.54
54332	1.70	1.68	1.69	1.72	1.73	1.72	1.56	1.54
54362	1.70	1.68	1.69	1.72	1.73	1.72	1.56	1.54
54392	1.70	1.67	1.68	1.72	1.73	1.72	1.55	1.53
54422	1.69	1.67	1.68	1.72	1.73	1.72	1.54	1.52
54452	1.69	1.67	1.68	1.71	1.72	1.72	1.53	1.51
54482	1.70	1.66	1.68	1.71	1.72	1.71	1.52	1.50
54512	1.70	1.66	1.67	1.70	1.72	1.71	1.51	1.49
54542	1.70	1.66	1.67	1.70	1.71	1.70	1.49	1.48
54572	1.70	1.65	1.67	1.69	1.71	1.70	1.48	1.46
54602	1.70	1.65	1.67	1.69	1.71	1.70	1.48	1.46
54632	1.69	1.65	1.67	1.69	1.71	1.70	1.49	1.47
54662	1.68	1.66	1.67	1.69	1.71	1.70	1.50	1.48
54692	1.67	1.65	1.67	1.70	1.71	1.71	1.51	1.49
54722	1.65	1.65	1.67	1.70	1.72	1.71	1.52	1.50
54752	1.63	1.65	1.67	1.70	1.72	1.71	1.52	1.51
54782	1.60	1.64	1.66	1.70	1.72	1.71	1.53	1.51
54812	1.56	1.63	1.65	1.70	1.72	1.71	1.53	1.51
54842	1.50	1.62	1.64	1.70	1.72	1.71	1.53	1.51
54872	1.46	1.59	1.61	1.70	1.72	1.71	1.53	1.52
54902	1.43	1.55	1.57	1.70	1.72	1.71	1.53	1.51
54932	1.42	1.52	1.54	1.69	1.71	1.70	1.53	1.51
54962	1.41	1.49	1.52	1.67	1.70	1.68	1.52	1.50
54992	1.41	1.46	1.49	1.65	1.68	1.67	1.50	1.48
55022	1.41	1.43	1.46	1.64	1.67	1.65	1.46	1.44
55052	1.41	1.41	1.44	1.64	1.66	1.65	1.42	1.38
55082	1.41	1.39	1.43	1.63	1.66	1.64	1.35	1.31
55112	1.42	1.38	1.42	1.61	1.64	1.62	1.23	1.18
55142	1.42	1.38	1.42	1.56	1.61	1.58	1.14	1.08
55172	1.43	1.37	1.42	1.52	1.57	1.55	1.07	1.02
55202	1.44	1.37	1.42	1.50	1.56	1.53	1.04	0.99
55232	1.44	1.37	1.42	1.51	1.56	1.53	1.02	0.97
55262	1.43	1.37	1.43	1.51	1.56	1.53	1.01	0.96
55292	1.43	1.37	1.43	1.51	1.56	1.53	1.01	0.96
55322	1.43	1.37	1.42	1.51	1.56	1.53	1.00	0.95
55352	1.43	1.37	1.42	1.50	1.55	1.52	1.00	0.94
55382	1.43	1.36	1.42	1.51	1.55	1.52	0.99	0.94
55412	1.42	1.37	1.43	1.52	1.56	1.53	0.98	0.93
55442	1.40	1.41	1.48	1.52	1.58	1.56	0.95	0.90
55472	1.58	1.59	1.63	1.63	1.68	1.67	1.20	1.18
55502	1.66	1.64	1.66	1.68	1.71	1.70	1.41	1.39
55532	1.66	1.65	1.67	1.70	1.72	1.72	1.49	1.47
55562	1.68	1.67	1.68	1.71	1.73	1.72	1.52	1.50
55592	1.69	1.68	1.69	1.71	1.73	1.72	1.53	1.51
55622	1.70	1.68	1.69	1.72	1.73	1.73	1.53	1.52
55652	1.70	1.68	1.69	1.72	1.73	1.73	1.54	1.52
55682	1.70	1.68	1.70	1.72	1.73	1.73	1.54	1.52
55712	1.70	1.68	1.69	1.72	1.73	1.73	1.53	1.52
55742	1.70	1.68	1.69	1.71	1.73	1.73	1.53	1.51
55772	1.70	1.67	1.69	1.71	1.73	1.72	1.52	1.50
55802	1.70	1.67	1.68	1.71	1.73	1.72	1.51	1.49
55832	1.70	1.66	1.68	1.70	1.72	1.72	1.49	1.48
55862	1.70	1.66	1.68	1.69	1.72	1.71	1.48	1.47
55892	1.70	1.66	1.68	1.68	1.71	1.71	1.46	1.45
55922	1.70	1.65	1.68	1.68	1.71	1.71	1.45	1.43
55952	1.70	1.65	1.67	1.67	1.71	1.70	1.44	1.42
55982	1.70	1.65	1.67	1.67	1.70	1.70	1.43	1.42
56012	1.70	1.65	1.67	1.67	1.70	1.70	1.44	1.42
56042	1.70	1.65	1.67	1.68	1.71	1.70	1.45	1.44
56072	1.69	1.66	1.67	1.68	1.71	1.70	1.46	1.45
56102	1.69	1.66	1.68	1.69	1.71	1.71	1.48	1.46
56132	1.68	1.66	1.68	1.69	1.71	1.71	1.49	1.47
56162	1.67	1.66	1.68	1.69	1.72	1.71	1.50	1.49
56192	1.66	1.66	1.68	1.70	1.72	1.71	1.51	1.49
56222	1.64	1.66	1.68	1.70	1.72	1.72	1.52	1.50
56252	1.60	1.66	1.67	1.70	1.73	1.72	1.53	1.52
56282	1.54	1.64	1.66	1.71	1.73	1.72	1.54	1.53
56312	1.47	1.61	1.63	1.71	1.73	1.72	1.55	1.53
56342	1.44	1.58	1.60	1.71	1.73	1.72	1.56	1.54
56372	1.41	1.53	1.56	1.70	1.72	1.71	1.56	1.54
56402	1.39	1.50	1.53	1.69	1.71	1.70	1.55	1.53
56432	1.38	1.46	1.50	1.67	1.69	1.68	1.53	1.51
56462	1.38	1.43	1.47	1.65	1.68	1.67	1.49	1.47
56492	1.38	1.40	1.44	1.63	1.66	1.64	1.41	1.39
56522	1.40	1.37	1.41	1.60	1.63	1.61	1.23	1.20
56552	1.41	1.35	1.39	1.56	1.60	1.57	1.10	1.06
56582	1.41	1.34	1.39	1.53	1.57	1.54	1.06	1.02
56612	1.42	1.34	1.39	1.53	1.57	1.54	1.03	0.98
56642	1.42	1.35	1.40	1.54	1.57	1.54	1.01	0.96
56672	1.42	1.36	1.40	1.54	1.58	1.54	1.00	0.95
56702	1.42	1.36	1.40	1.54	1.58	1.55	0.99	0.95
56732	1.42	1.36	1.41	1.54	1.58	1.55	0.98	0.94
56762	1.42	1.36	1.41	1.54	1.58	1.55	0.98	0.94
56792	1.42	1.36	1.41	1.54	1.58	1.55	0.97	0.93
56822	1.42	1.36	1.40	1.54	1.57	1.54	0.97	0.93
56852	1.42	1.36	1.40	1.54	1.57	1.54	0.97	0.93
56882	1.42	1.36	1.41	1.53	1.57	1.54	0.97	0.93
56912	1.42	1.36	1.41	1.54	1.57	1.54	0.96	0.92
56942	1.42	1.37	1.42	1.54	1.57	1.54	0.96	0.92
56972	1.41	1.43	1.48	1.57	1.62	1.60	0.92	0.87
57002	1.60	1.58	1.61	1.64	1.68	1.66	1.14	1.12
57032	1.65	1.61	1.63	1.68	1.70	1.69	1.36	1.34
57062	1.66	1.63	1.65	1.70	1.72	1.71	1.47	1.45
57092	1.68	1.66	1.67	1.71	1.73	1.72	1.51	1.50
57122	1.69	1.67	1.68	1.72	1.74	1.73	1.54	1.52
57152	1.69	1.68	1.69	1.73	1.74	1.73	1.56	1.54
57182	1.69	1.68	1.69	1.73	1.74	1.73	1.56	1.55
57212	1.69	1.68	1.69	1.73	1.74	1.73	1.57	1.55
57242	1.69	1.68	1.69	1.73	1.74	1.73	1.57	1.55
57272	1.68	1.68	1.69	1.73	1.74	1.73	1.57	1.55
57302	1.68	1.68	1.69	1.73	1.74	1.73	1.56	1.55
57332	1.68	1.68	1.69	1.73	1.74	1.73	1.56	1.55
57362	1.67	1.68	1.69	1.73	1.74	1.73	1.56	1.55
57392	1.66	1.67	1.68	1.73	1.74	1.73	1.56	1.55
57422	1.65	1.67	1.68	1.73	1.74	1.73	1.56	1.54
57452	1.66	1.67	1.68	1.72	1.74	1.73	1.56	1.54
57482	1.66	1.67	1.68	1.72	1.74	1.73	1.56	1.54
57512	1.66	1.67	1.68	1.72	1.73	1.72	1.56	1.54
57542	1.66	1.67	1.68	1.71	1.73	1.72	1.56	1.55
57572	1.67	1.67	1.68	1.71	1.73	1.72	1.56	1.55
57602	1.67	1.67	1.68	1.71	1.73	1.73	1.56	1.55
57632	1.67	1.67	1.68	1.71	1.73	1.73	1.56	1.55
57662	1.66	1.67	1.68	1.72	1.73	1.73	1.56	1.55
57692	1.66	1.67	1.68	1.72	1.73	1.73	1.56	1.55
57722	1.65	1.67	1.68	1.72	1.73	1.73	1.56	1.55
57752	1.63	1.67	1.68	1.72	1.73	1.73	1.56	1.55
57782	1.60	1.66	1.68	1.72	1.73	1.73	1.56	1.55
57812	1.56	1.65	1.67	1.72	1.73	1.73	1.57	1.56
57842	1.50	1.63	1.64	1.72	1.73	1.73	1.57	1.55
57872	1.45	1.59	1.61	1.72	1.73	1.72	1.57	1.55
57902	1.42	1.55	1.57	1.71	1.73	1.72	1.56	1.54
57932	1.41	1.52	1.55	1.70	1.72	1.71	1.56	1.54
57962	1.40	1.50	1.53	1.69	1.71	1.70	1.55	1.54
57992	1.39	1.48	1.51	1.68	1.70	1.69	1.55	1.54
58022	1.38	1.46	1.49	1.67	1.69	1.68	1.55	1.53
58052	1.38	1.43	1.46	1.66	1.68	1.67	1.53	1.52
58082	1.38	1.41	1.44	1.65	1.67	1.66	1.51	1.49
58112	1.38	1.39	1.42	1.64	1.66	1.65	1.48	1.46
58142	1.39	1.35	1.38	1.63	1.65	1.63	1.41	1.38
58172	1.39	1.33	1.36	1.62	1.65	1.62	1.26	1.24
58202	1.40	1.33	1.36	1.60	1.63	1.60	1.13	1.09
58232	1.40	1.32	1.36	1.58	1.61	1.58	1.07	1.03
58262	1.41	1.32	1.36	1.57	1.60	1.56	1.03	1.00
58292	1.41	1.33	1.36	1.57	1.60	1.56	1.02	0.98
58322	1.42	1.33	1.36	1.57	1.60	1.56	1.01	0.97
58352	1.42	1.33	1.36	1.57	1.60	1.56	1.00	0.96
58382	1.42	1.33	1.37	1.57	1.59	1.56	0.99	0.95
58412	1.42	1.34	1.37	1.57	1.60	1.56	0.99	0.95
58442	1.42	1.34	1.38	1.57	1.60	1.56	0.99	0.95
58472	1.42	1.34	1.38	1.57	1.60	1.56	0.98	0.95
58502	1.42	1.35	1.39	1.57	1.60	1.56	0.98	0.94
58532	1.41	1.35	1.40	1.57	1.60	1.57	0.98	0.94
58562	1.40	1.36	1.41	1.58	1.60	1.57	0.97	0.93
58592	1.38	1.47	1.52	1.63	1.68	1.66	1.05	1.05
58622	1.45	1.59	1.62	1.69	1.72	1.71	1.40	1.40
58652	1.59	1.65	1.66	1.72	1.73	1.72	1.53	1.51
58682	1.60	1.66	1.67	1.73	1.74	1.73	1.57	1.56
58712	1.62	1.68	1.68	1.74	1.75	1.74	1.60	1.58
58742	1.63	1.68	1.69	1.74	1.75	1.74	1.61	1.59
58772	1.65	1.69	1.69	1.74	1.75	1.74	1.61	1.59
58802	1.66	1.69	1.69	1.74	1.75	1.74	1.60	1.59
58832	1.66	1.69	1.69	1.74	1.75	1.74	1.60	1.59
58862	1.67	1.69	1.69	1.74	1.75	1.74	1.60	1.58
58892	1.67	1.68	1.69	1.74	1.75	1.74	1.59	1.58
58922	1.67	1.68	1.69	1.74	1.74	1.74	1.58	1.57
58952	1.68	1.67	1.68	1.73	1.74	1.73	1.57	1.55
58982	1.68	1.66	1.67	1.73	1.74	1.73	1.55	1.54
59012	1.68	1.66	1.67	1.72	1.73	1.72	1.54	1.52
59042	1.68	1.65	1.66	1.71	1.72	1.71	1.51	1.49
59072	1.68	1.64	1.65	1.70	1.71	1.70	1.48	1.46
59102	1.69	1.63	1.64	1.68	1.70	1.69	1.43	1.41
59132	1.69	1.62	1.64	1.67	1.69	1.68	1.40	1.38
59162	1.69	1.62	1.64	1.65	1.68	1.67	1.37	1.34
59192	1.70	1.61	1.63	1.64	1.67	1.66	1.35	1.32
59222	1.70	1.61	1.63	1.65	1.67	1.66	1.34	1.32
59252	1.70	1.61	1.63	1.65	1.67	1.66	1.35	1.33
59282	1.69	1.61	1.63	1.65	1.67	1.66	1.36	1.34
59312	1.69	1.61	1.63	1.66	1.68	1.67	1.37	1.36
59342	1.69	1.62	1.63	1.66	1.68	1.67	1.38	1.37
59372	1.69	1.61	1.63	1.66	1.68	1.67	1.38	1.37
59402	1.69	1.61	1.62	1.66	1.68	1.67	1.37	1.35
59432	1.68	1.60	1.62	1.66	1.68	1.67	1.36	1.33
59462	1.67	1.60	1.62	1.66	1.68	1.67	1.36	1.34
59492	1.66	1.60	1.62	1.67	1.69	1.67	1.39	1.36
59522	1.64	1.60	1.62	1.67	1.69	1.68	1.41	1.39
59552	1.60	1.60	1.62	1.68	1.70	1.69	1.43	1.41
59582	1.56	1.59	1.61	1.68	1.70	1.69	1.45	1.43
59612	1.51	1.57	1.59	1.68	1.70	1.69	1.46	1.44
59642	1.47	1.56	1.58	1.69	1.71	1.69	1.47	1.45
59672	1.45	1.55	1.57	1.69	1.71	1.70	1.49	1.47
59702	1.42	1.52	1.55	1.69	1.71	1.69	1.49	1.47
59732	1.40	1.49	1.52	1.68	1.71	1.69	1.50	1.48
59762	1.38	1.46	1.49	1.67	1.70	1.68	1.50	1.47
59792	1.38	1.42	1.45	1.66	1.68	1.66	1.48	1.45
59822	1.38	1.39	1.43	1.64	1.67	1.65	1.44	1.41
59852	1.39	1.37	1.41	1.62	1.65	1.63	1.36	1.32
59882	1.40	1.35	1.40	1.58	1.62	1.59	1.21	1.15
59912	1.41	1.35	1.40	1.54	1.58	1.56	1.11	1.05
59942	1.41	1.34	1.39	1.52	1.56	1.53	1.05	1.00
59972	1.42	1.35	1.40	1.52	1.56	1.54	1.03	0.98
60002	1.42	1.35	1.41	1.52	1.56	1.53	1.00	0.96
60032	1.42	1.36	1.41	1.51	1.56	1.53	0.99	0.95
60062	1.42	1.36	1.42	1.52	1.56	1.54	0.98	0.94
60092	1.42	1.36	1.42	1.52	1.57	1.54	0.98	0.93
60122	1.42	1.36	1.42	1.52	1.56	1.53	0.97	0.93
60152	1.41	1.37	1.42	1.52	1.56	1.54	0.97	0.92
60182	1.41	1.37	1.42	1.53	1.57	1.54	0.96	0.92
60212	1.38	1.42	1.47	1.55	1.60	1.58	0.93	0.89
60242	1.53	1.55	1.59	1.63	1.67	1.66	1.15	1.11
60272	1.65	1.61	1.63	1.67	1.69	1.68	1.32	1.30
60302	1.68	1.62	1.64	1.69	1.70	1.69	1.40	1.37
60332	1.70	1.64	1.66	1.69	1.70	1.69	1.42	1.40
60362	1.71	1.65	1.67	1.69	1.70	1.70	1.43	1.41
60392	1.72	1.66	1.67	1.69	1.71	1.70	1.43	1.41
60422	1.72	1.66	1.67	1.69	1.71	1.70	1.44	1.42
60452	1.72	1.66	1.68	1.70	1.71	1.70	1.44	1.43
60482	1.72	1.66	1.68	1.70	1.71	1.70	1.45	1.43
60512	1.72	1.66	1.68	1.70	1.71	1.70	1.45	1.43
60542	1.72	1.66	1.68	1.69	1.71	1.70	1.45	1.43
60572	1.72	1.66	1.68	1.69	1.71	1.70	1.44	1.43
60602	1.71	1.66	1.68	1.69	1.71	1.70	1.44	1.43
60632	1.72	1.66	1.68	1.69	1.71	1.70	1.44	1.43
60662	1.71	1.66	1.68	1.68	1.71	1.70	1.44	1.43
60692	1.71	1.66	1.68	1.68	1.71	1.70	1.43	1.41
60722	1.72	1.66	1.68	1.68	1.71	1.70	1.41	1.40
60752	1.72	1.65	1.68	1.67	1.70	1.69	1.40	1.38
60782	1.72	1.65	1.67	1.66	1.70	1.69	1.38	1.37
60812	1.72	1.65	1.67	1.66	1.69	1.69	1.38	1.36
60842	1.72	1.65	1.67	1.66	1.69	1.68	1.37	1.35
60872	1.72	1.64	1.67	1.66	1.69	1.68	1.38	1.36
60902	1.71	1.64	1.67	1.66	1.69	1.69	1.38	1.36
60932	1.71	1.64	1.67	1.66	1.69	1.69	1.38	1.37
60962	1.71	1.64	1.67	1.67	1.69	1.69	1.39	1.37
60992	1.71	1.64	1.67	1.67	1.69	1.69	1.40	1.38
61022	1.71	1.64	1.67	1.67	1.70	1.69	1.40	1.38
61052	1.70	1.64	1.66	1.67	1.70	1.69	1.40	1.38
61082	1.69	1.63	1.65	1.67	1.69	1.69	1.40	1.38
61112	1.67	1.61	1.64	1.66	1.69	1.68	1.38	1.36
61142	1.64	1.59	1.61	1.65	1.68	1.67	1.36	1.34
61172	1.59	1.55	1.58	1.64	1.67	1.66	1.33	1.30
61202	1.53	1.51	1.55	1.63	1.66	1.65	1.28	1.24
61232	1.49	1.47	1.52	1.60	1.65	1.63	1.22	1.18
61262	1.47	1.44	1.49	1.59	1.63	1.62	1.18	1.12
61292	1.47	1.42	1.47	1.57	1.62	1.60	1.14	1.09
61322	1.47	1.41	1.46	1.54	1.60	1.57	1.11	1.05
61352	1.47	1.39	1.45	1.51	1.57	1.55	1.07	1.01
61382	1.47	1.39	1.45	1.47	1.55	1.53	1.03	0.97
61412	1.47	1.39	1.46	1.45	1.53	1.52	1.02	0.96
61442	1.47	1.40	1.46	1.45	1.53	1.51	1.01	0.95
61472	1.47	1.40	1.46	1.45	1.53	1.51	1.01	0.95
61502	1.47	1.40	1.47	1.45	1.53	1.51	1.00	0.94
61532	1.47	1.40	1.47	1.45	1.53	1.51	1.00	0.94
61562	1.47	1.40	1.46	1.46	1.53	1.52	1.00	0.94
61592	1.47	1.40	1.46	1.46	1.53	1.51	0.99	0.93
61622	1.47	1.39	1.45	1.46	1.53	1.51	1.00	0.93
61652	1.46	1.39	1.45	1.46	1.53	1.51	0.99	0.93
61682	1.46	1.38	1.45	1.46	1.53	1.51	0.99	0.93
61712	1.46	1.37	1.43	1.47	1.53	1.51	0.97	0.92
61742	1.46	1.36	1.42	1.46	1.53	1.50	0.97	0.91
61772	1.46	1.37	1.43	1.47	1.53	1.51	0.97	0.91
61802	1.46	1.38	1.44	1.48	1.53	1.51	0.97	0.91
61832	1.45	1.39	1.45	1.48	1.54	1.52	0.94	0.89
61862	1.49	1.47	1.51	1.57	1.61	1.59	1.03	0.98
61892	1.57	1.53	1.56	1.60	1.63	1.62	1.11	1.06
61922	1.61	1.57	1.59	1.64	1.67	1.65	1.27	1.24
61952	1.65	1.60	1.63	1.68	1.69	1.68	1.41	1.39
61982	1.67	1.64	1.65	1.70	1.71	1.70	1.48	1.46
62012	1.68	1.66	1.67	1.71	1.72	1.71	1.52	1.50
62042	1.69	1.67	1.68	1.72	1.73	1.72	1.54	1.52
62072	1.69	1.68	1.69	1.72	1.74	1.73	1.55	1.53
62102	1.69	1.68	1.69	1.73	1.74	1.73	1.55	1.54
62132	1.69	1.68	1.69	1.73	1.74	1.73	1.56	1.54
62162	1.69	1.68	1.69	1.73	1.74	1.73	1.55	1.54
62192	1.69	1.68	1.69	1.72	1.74	1.73	1.55	1.54
62222	1.69	1.68	1.69	1.72	1.74	1.73	1.55	1.53
62252	1.69	1.68	1.69	1.72	1.74	1.73	1.55	1.53
62282	1.68	1.68	1.69	1.72	1.74	1.73	1.55	1.54
62312	1.68	1.68	1.69	1.72	1.74	1.73	1.55	1.53
62342	1.68	1.68	1.69	1.72	1.74	1.73	1.54	1.53
62372	1.69	1.68	1.69	1.71	1.73	1.73	1.53	1.52
62402	1.69	1.68	1.69	1.71	1.73	1.73	1.53	1.51
62432	1.69	1.68	1.69	1.71	1.73	1.73	1.52	1.51
62462	1.69	1.68	1.69	1.71	1.73	1.72	1.52	1.51
62492	1.69	1.67	1.69	1.71	1.73	1.72	1.51	1.50
62522	1.69	1.67	1.69	1.70	1.72	1.72	1.50	1.49
62552	1.69	1.67	1.69	1.70	1.72	1.72	1.49	1.48
62582	1.69	1.67	1.69	1.70	1.72	1.72	1.50	1.48
62612	1.68	1.67	1.69	1.70	1.73	1.72	1.51	1.50
62642	1.66	1.67	1.69	1.71	1.73	1.72	1.52	1.51
62672	1.64	1.67	1.69	1.71	1.73	1.73	1.54	1.53
62702	1.61	1.67	1.69	1.71	1.73	1.73	1.55	1.54
62732	1.58	1.67	1.69	1.72	1.74	1.73	1.55	1.54
62762	1.53	1.66	1.68	1.72	1.74	1.73	1.56	1.55
62792	1.46	1.64	1.66	1.72	1.74	1.73	1.56	1.54
62822	1.42	1.60	1.62	1.71	1.73	1.73	1.55	1.53
62852	1.39	1.55	1.58	1.69	1.72	1.71	1.53	1.51
62882	1.39	1.51	1.55	1.67	1.71	1.70	1.48	1.46
62912	1.39	1.48	1.53	1.63	1.68	1.67	1.41	1.38
62942	1.40	1.45	1.50	1.59	1.66	1.64	1.31	1.27
62972	1.40	1.41	1.47	1.55	1.62	1.60	1.20	1.15
63002	1.41	1.39	1.45	1.51	1.57	1.55	1.11	1.06
63032	1.42	1.37	1.44	1.49	1.55	1.53	1.06	1.01
63062	1.42	1.37	1.43	1.49	1.55	1.53	1.03	0.98
63092	1.42	1.37	1.43	1.49	1.55	1.53	1.02	0.97
63122	1.42	1.37	1.43	1.49	1.55	1.52	1.01	0.96
63152	1.42	1.37	1.44	1.49	1.55	1.53	1.00	0.96
63182	1.43	1.38	1.44	1.49	1.55	1.53	1.00	0.96
63212	1.42	1.37	1.44	1.49	1.55	1.53	1.00	0.95
63242	1.42	1.37	1.43	1.49	1.54	1.52	1.00	0.95
63272	1.42	1.37	1.43	1.49	1.55	1.52	0.99	0.94
63302	1.42	1.37	1.44	1.49	1.55	1.52	0.99	0.95
63332	1.42	1.37	1.44	1.49	1.55	1.53	0.99	0.94
63362	1.42	1.37	1.43	1.49	1.55	1.52	0.99	0.93
63392	1.42	1.36	1.42	1.50	1.55	1.52	0.98	0.93
63422	1.42	1.36	1.42	1.50	1.55	1.53	0.98	0.93
63452	1.42	1.35	1.42	1.51	1.56	1.53	0.97	0.92
63482	1.42	1.44	1.49	1.58	1.62	1.60	1.01	0.95
63512	1.64	1.57	1.60	1.62	1.65	1.64	1.15	1.12
63542	1.65	1.59	1.61	1.65	1.68	1.67	1.29	1.27
63572	1.69	1.62	1.64	1.67	1.69	1.68	1.37	1.35
63602	1.71	1.64	1.66	1.68	1.70	1.69	1.40	1.39
63632	1.72	1.65	1.67	1.69	1.70	1.69	1.41	1.39
63662	1.72	1.66	1.67	1.69	1.70	1.69	1.41	1.40
63692	1.72	1.66	1.68	1.68	1.70	1.69	1.40	1.39
63722	1.73	1.66	1.68	1.68	1.70	1.69	1.39	1.38
63752	1.73	1.66	1.68	1.67	1.70	1.69	1.39	1.37
63782	1.73	1.66	1.68	1.67	1.70	1.69	1.39	1.38
63812	1.73	1.66	1.68	1.67	1.70	1.69	1.39	1.38
63842	1.73	1.66	1.68	1.67	1.70	1.69	1.39	1.38
63872	1.72	1.66	1.68	1.67	1.70	1.69	1.40	1.39
63902	1.72	1.66	1.68	1.67	1.70	1.69	1.41	1.39
63932	1.72	1.66	1.68	1.68	1.70	1.70	1.42	1.41
63962	1.72	1.66	1.68	1.68	1.71	1.70	1.43	1.42
63992	1.71	1.66	1.68	1.68	1.71	1.71	1.44	1.43
64022	1.71	1.66	1.68	1.68	1.71	1.71	1.45	1.44
64052	1.70	1.66	1.68	1.69	1.71	1.71	1.46	1.45
64082	1.70	1.66	1.68	1.69	1.72	1.71	1.47	1.45
64112	1.70	1.66	1.68	1.69	1.72	1.71	1.47	1.46
64142	1.69	1.67	1.68	1.69	1.72	1.71	1.48	1.47
64172	1.69	1.67	1.69	1.69	1.72	1.71	1.49	1.47
64202	1.69	1.67	1.68	1.70	1.72	1.71	1.49	1.48
64232	1.69	1.67	1.69	1.70	1.72	1.71	1.50	1.48
64262	1.69	1.67	1.68	1.70	1.72	1.72	1.50	1.48
64292	1.69	1.67	1.68	1.70	1.72	1.72	1.50	1.48
64322	1.68	1.66	1.68	1.70	1.72	1.72	1.50	1.49
64352	1.67	1.66	1.68	1.70	1.72	1.72	1.50	1.49
64382	1.65	1.66	1.68	1.70	1.72	1.72	1.50	1.49
64412	1.63	1.66	1.68	1.70	1.72	1.72	1.50	1.49
64442	1.60	1.65	1.67	1.70	1.72	1.72	1.51	1.49
64472	1.56	1.64	1.66	1.70	1.72	1.71	1.51	1.50
64502	1.50	1.62	1.64	1.70	1.72	1.71	1.52	1.50
64532	1.45	1.59	1.61	1.70	1.72	1.71	1.52	1.50
64562	1.42	1.56	1.59	1.70	1.72	1.71	1.52	1.50
64592	1.41	1.53	1.56	1.69	1.71	1.70	1.52	1.50
64622	1.40	1.49	1.53	1.68	1.70	1.69	1.51	1.49
64652	1.39	1.45	1.49	1.65	1.68	1.67	1.48	1.45
64682	1.39	1.42	1.46	1.64	1.67	1.65	1.43	1.39
64712	1.40	1.39	1.43	1.61	1.64	1.62	1.33	1.29
64742	1.41	1.36	1.41	1.58	1.61	1.59	1.18	1.13
64772	1.42	1.36	1.41	1.52	1.57	1.54	1.06	1.01
64802	1.43	1.37	1.42	1.49	1.55	1.53	1.03	0.98
64832	1.43	1.39	1.45	1.50	1.56	1.54	1.01	0.96
64862	1.43	1.40	1.46	1.48	1.56	1.54	1.01	0.96
64892	1.43	1.41	1.47	1.48	1.56	1.54	1.00	0.95
64922	1.43	1.41	1.47	1.48	1.56	1.54	0.99	0.95
64952	1.43	1.41	1.47	1.48	1.56	1.54	0.98	0.93
64982	1.43	1.41	1.47	1.48	1.56	1.54	0.98	0.93
65012	1.43	1.41	1.47	1.48	1.56	1.54	0.98	0.93
65042	1.43	1.40	1.46	1.48	1.55	1.53	0.97	0.93
65072	1.43	1.40	1.47	1.48	1.56	1.53	0.97	0.92
65102	1.43	1.40	1.47	1.49	1.56	1.54	0.97	0.92
65132	1.43	1.40	1.47	1.49	1.56	1.54	0.97	0.92
65162	1.41	1.41	1.48	1.50	1.57	1.56	0.94	0.90
65192	1.41	1.50	1.55	1.60	1.65	1.64	1.08	1.07
65222	1.66	1.60	1.63	1.63	1.67	1.66	1.21	1.20
65252	1.67	1.61	1.63	1.65	1.67	1.66	1.27	1.26
65282	1.69	1.63	1.64	1.67	1.69	1.67	1.33	1.31
65312	1.71	1.65	1.66	1.68	1.70	1.68	1.36	1.35
65342	1.72	1.66	1.67	1.68	1.70	1.69	1.38	1.36
65372	1.72	1.66	1.68	1.68	1.70	1.69	1.38	1.37
65402	1.73	1.66	1.68	1.67	1.70	1.69	1.37	1.36
65432	1.73	1.66	1.68	1.67	1.70	1.69	1.35	1.34
65462	1.73	1.66	1.68	1.66	1.69	1.69	1.34	1.32
65492	1.73	1.65	1.68	1.66	1.69	1.68	1.33	1.31
65522	1.73	1.65	1.68	1.65	1.69	1.68	1.32	1.31
65552	1.73	1.65	1.68	1.65	1.68	1.68	1.32	1.30
65582	1.73	1.65	1.67	1.65	1.68	1.68	1.32	1.31
65612	1.73	1.65	1.67	1.65	1.68	1.68	1.32	1.30
65642	1.72	1.64	1.67	1.65	1.68	1.67	1.32	1.31
65672	1.72	1.64	1.67	1.64	1.68	1.67	1.33	1.31
65702	1.72	1.64	1.66	1.64	1.68	1.67	1.32	1.30
65732	1.72	1.64	1.66	1.64	1.68	1.67	1.33	1.31
65762	1.72	1.64	1.66	1.64	1.68	1.67	1.33	1.32
65792	1.72	1.64	1.66	1.65	1.68	1.67	1.34	1.33
65822	1.71	1.64	1.66	1.65	1.68	1.67	1.35	1.33
65852	1.71	1.64	1.66	1.65	1.68	1.67	1.34	1.32
65882	1.71	1.63	1.66	1.64	1.67	1.67	1.32	1.31
65912	1.71	1.63	1.66	1.63	1.67	1.67	1.31	1.29
65942	1.71	1.63	1.65	1.63	1.67	1.66	1.30	1.28
65972	1.71	1.63	1.65	1.63	1.67	1.66	1.30	1.28
66002	1.71	1.62	1.65	1.63	1.67	1.66	1.30	1.28
66032	1.70	1.62	1.65	1.63	1.67	1.66	1.30	1.28
66062	1.70	1.62	1.65	1.63	1.67	1.66	1.30	1.29
66092	1.69	1.62	1.65	1.64	1.67	1.66	1.32	1.30
66122	1.68	1.62	1.65	1.64	1.67	1.67	1.34	1.32
66152	1.66	1.62	1.64	1.65	1.68	1.67	1.35	1.33
66182	1.64	1.61	1.64	1.65	1.68	1.67	1.36	1.35
66212	1.61	1.61	1.64	1.66	1.69	1.68	1.38	1.36
66242	1.57	1.61	1.63	1.66	1.69	1.68	1.40	1.38
66272	1.51	1.59	1.63	1.67	1.69	1.69	1.41	1.40
66302	1.45	1.56	1.60	1.66	1.70	1.69	1.42	1.40
66332	1.43	1.52	1.56	1.65	1.69	1.68	1.40	1.39
66362	1.42	1.49	1.54	1.62	1.68	1.67	1.36	1.34
66392	1.43	1.46	1.52	1.58	1.65	1.64	1.28	1.25
66422	1.43	1.44	1.51	1.53	1.62	1.61	1.19	1.14
66452	1.44	1.41	1.48	1.48	1.57	1.56	1.10	1.04
66482	1.45	1.38	1.45	1.44	1.53	1.51	1.05	0.99
66512	1.45	1.38	1.45	1.44	1.53	1.51	1.03	0.97
66542	1.45	1.38	1.45	1.44	1.53	1.51	1.03	0.96
